% % % Utilisation du modele hydrologique HSAMI

parametre = [1.15 0.1 0.17 0.1 -1.65 3.747 1.999 1.744 9.788 34.999 3.844 3.684 16.805 21.948 0.25 0.632 0.011 0.008 0.912 2.145 0.7 2.535 0.845];
